[Window][Left Pane]
Pos=0,24
Size=378,737
Collapsed=0
DockId=0x00000001,0

[Window][Right Pane]
Pos=867,24
Size=397,737
Collapsed=0
DockId=0x00000004,0

[Window][Box Pane]
Pos=380,609
Size=485,152
Collapsed=0
DockId=0x00000006,0

[Window][Dock Window]
Pos=0,0
Size=1264,761
Collapsed=0

[Window][Debug##Default]
Pos=60,60
Size=400,400
Collapsed=0

[Docking][Data]
DockSpace       ID=0xE7BE6FA4 Window=0x37A2E124 Pos=0,24 Size=1264,737 Split=X
  DockNode      ID=0x00000001 Parent=0xE7BE6FA4 SizeRef=378,761 HiddenTabBar=1 Selected=0xBB0E2E25
  DockNode      ID=0x00000002 Parent=0xE7BE6FA4 SizeRef=884,761 Split=X
    DockNode    ID=0x00000003 Parent=0x00000002 SizeRef=485,761 Split=Y
      DockNode  ID=0x00000005 Parent=0x00000003 SizeRef=485,607 CentralNode=1
      DockNode  ID=0x00000006 Parent=0x00000003 SizeRef=485,152 HiddenTabBar=1 Selected=0x116AFB16
    DockNode    ID=0x00000004 Parent=0x00000002 SizeRef=397,761 HiddenTabBar=1 Selected=0xD910BF44

[Other settings][]
Color=0.324000,0.409000,0.185000
Zoom=3
Bilinear=0
Theme=0
FontSize=18.000000
posX=100
posY=100
sizeX=1280
sizeY=800
Maximized=0
IdleUpdate=1

